0.046 435889242
0.103 435889242
0.161 435889242
0.218 435889241
0.276 435889241
0.334 435889241
0.391 435889240
0.449 435889239
0.508 435889239
0.566 435889238
0.624 435889238
0.683 435889237
0.741 435889237
0.800 435889236
0.859 435889236
0.918 435889235
0.977 435889235
1.037 435889234
1.096 435889234
1.156 435889233
1.216 435889233
1.276 435889232
1.336 435889231
1.396 435889230
1.456 435889230
1.517 435889229
1.577 435889228
1.638 435889228
1.699 435889227
1.760 435889226
1.821 435889225
1.883 435889225
1.944 435889224
2.006 435889223
2.068 435889222
2.130 435889222
2.192 435889220
2.254 435889220
2.317 435889219
2.379 435889218
2.442 435889217
2.505 435889216
2.568 435889215
2.631 435889214
2.695 435889213
2.758 435889212
2.822 435889211
2.886 435889210
2.950 435889209
3.015 435889208
3.079 435889207
3.144 435889206
3.208 435889205
3.273 435889204
3.339 435889202
3.404 435889201
3.469 435889200
3.535 435889199
3.601 435889198
3.667 435889196
3.733 435889195
3.800 435889194
3.866 435889193
3.933 435889191
4.000 435889190
4.067 435889189
4.135 435889187
4.202 435889186
4.270 435889184
4.338 435889183
4.406 435889181
4.475 435889180
4.543 435889179
4.612 435889177
4.681 435889175
4.750 435889174
4.820 435889172
4.889 435889171
4.959 435889169
5.029 435889168
5.099 435889166
5.170 435889164
5.241 435889162
5.311 435889161
5.383 435889159
5.454 435889157
5.526 435889155
5.597 435889154
5.669 435889152
5.742 435889150
5.814 435889148
5.887 435889146
5.960 435889144
6.033 435889142
6.106 435889140
6.180 435889138
6.254 435889136
6.328 435889134
6.403 435889132
6.477 435889129
6.552 435889127
6.627 435889125
6.703 435889123
6.779 435889121
6.854 435889118
6.931 435889116
7.007 435889114
7.084 435889111
7.161 435889109
7.238 435889107
7.316 435889104
7.393 435889102
7.472 435889099
7.550 435889096
7.629 435889094
7.708 435889091
7.787 435889089
7.866 435889086
7.946 435889083
8.026 435889081
8.106 435889078
8.187 435889075
8.268 435889072
8.349 435889069
8.431 435889067
8.513 435889063
8.595 435889060
8.678 435889057
8.760 435889054
8.843 435889051
8.927 435889048
9.011 435889045
9.095 435889042
9.179 435889039
9.264 435889035
9.349 435889032
9.435 435889029
9.520 435889025
9.606 435889022
9.693 435889018
9.780 435889015
9.867 435889011
9.954 435889008
10.042 435889004
10.130 435889000
10.219 435888997
10.308 435888993
10.397 435888989
10.487 435888985
10.577 435888981
10.668 435888977
10.758 435888973
10.850 435888969
10.941 435888965
11.033 435888961
11.126 435888957
11.218 435888952
11.312 435888948
11.405 435888944
11.499 435888939
11.594 435888935
11.688 435888931
11.784 435888926
11.879 435888921
11.976 435888917
12.072 435888912
12.169 435888907
12.267 435888902
12.364 435888898
12.463 435888892
12.562 435888887
12.661 435888882
12.760 435888877
12.861 435888872
12.961 435888867
13.062 435888862
13.164 435888857
13.266 435888851
13.368 435888845
13.472 435888840
13.575 435888834
13.679 435888828
13.784 435888823
13.889 435888817
13.994 435888811
14.100 435888805
14.207 435888799
14.314 435888793
14.422 435888786
14.530 435888780
14.639 435888774
14.748 435888767
14.858 435888761
14.968 435888754
15.079 435888748
15.191 435888741
15.303 435888734
15.415 435888727
15.529 435888720
15.643 435888713
15.757 435888706
15.872 435888699
15.988 435888691
16.104 435888684
16.221 435888676
16.338 435888669
16.457 435888661
16.575 435888653
16.695 435888645
16.815 435888637
16.936 435888629
17.057 435888621
17.179 435888613
17.302 435888605
17.425 435888596
17.549 435888587
17.674 435888579
17.800 435888570
17.926 435888561
18.053 435888552
18.180 435888543
18.309 435888533
18.438 435888524
18.568 435888514
18.698 435888505
18.829 435888495
18.962 435888485
19.094 435888475
19.228 435888465
19.362 435888455
19.498 435888444
19.634 435888434
19.771 435888423
19.908 435888412
20.047 435888402
20.186 435888391
20.326 435888379
20.467 435888368
20.609 435888356
20.752 435888345
20.895 435888333
21.040 435888321
21.185 435888309
21.331 435888297
21.478 435888284
21.626 435888272
21.775 435888259
21.925 435888246
22.076 435888233
22.228 435888220
22.380 435888207
22.534 435888193
22.689 435888179
22.844 435888165
23.001 435888151
23.159 435888136
23.317 435888122
23.477 435888107
23.638 435888092
23.799 435888077
23.962 435888062
24.126 435888046
24.291 435888030
24.457 435888015
24.624 435887998
24.792 435887982
24.961 435887965
25.131 435887949
25.303 435887932
25.475 435887914
25.649 435887897
25.824 435887879
26.000 435887861
26.177 435887843
26.356 435887824
26.535 435887805
26.716 435887786
26.898 435887767
27.081 435887748
27.265 435887728
27.451 435887708
27.638 435887687
27.826 435887667
28.016 435887646
28.206 435887625
28.398 435887603
28.591 435887581
28.786 435887559
28.982 435887537
29.179 435887514
29.377 435887491
29.577 435887468
29.778 435887444
29.981 435887420
30.185 435887396
30.390 435887371
30.596 435887346
30.804 435887320
31.014 435887294
31.224 435887268
31.436 435887242
31.650 435887215
31.865 435887188
32.081 435887160
32.299 435887132
32.518 435887104
32.739 435887075
32.961 435887046
33.184 435887016
33.409 435886986
33.635 435886955
33.863 435886924
34.092 435886893
34.323 435886861
34.555 435886829
34.789 435886796
35.024 435886763
35.260 435886730
35.498 435886695
35.737 435886661
35.978 435886626
36.220 435886590
36.464 435886554
36.709 435886517
36.955 435886481
37.203 435886443
37.452 435886405
37.703 435886366
37.955 435886327
38.208 435886287
38.462 435886247
38.718 435886206
38.976 435886164
39.234 435886123
39.494 435886080
39.755 435886037
40.017 435885993
40.280 435885949
40.545 435885904
40.811 435885859
41.077 435885812
41.345 435885765
41.614 435885718
41.884 435885670
42.155 435885621
42.427 435885572
42.699 435885522
42.973 435885471
43.247 435885420
43.522 435885368
43.798 435885316
44.074 435885262
44.351 435885208
44.629 435885154
44.906 435885099
45.185 435885042
45.463 435884986
45.742 435884928
46.021 435884870
46.300 435884811
46.579 435884752
46.857 435884692
47.136 435884631
47.414 435884569
47.692 435884507
47.970 435884444
48.247 435884380
48.523 435884315
48.798 435884250
49.072 435884184
49.346 435884118
49.618 435884050
49.888 435883982
50.158 435883913
50.425 435883844
50.691 435883774
50.955 435883703
51.217 435883631
51.476 435883559
51.734 435883486
51.988 435883412
52.240 435883338
52.490 435883263
52.736 435883188
52.978 435883111
53.218 435883034
53.453 435882957
53.685 435882879
53.913 435882800
54.137 435882720
54.356 435882640
54.571 435882560
54.781 435882479
54.986 435882397
55.185 435882315
55.380 435882232
55.568 435882149
55.751 435882065
55.928 435881981
56.099 435881896
56.263 435881811
56.421 435881725
56.572 435881639
56.716 435881553
56.852 435881466
56.982 435881379
57.104 435881292
57.218 435881204
57.325 435881116
57.423 435881027
57.514 435880939
57.596 435880850
57.670 435880761
57.736 435880671
57.793 435880582
57.842 435880492
57.882 435880403
57.913 435880313
57.935 435880223
57.949 435880133
57.954 435880043
57.950 435879953
57.937 435879863
57.916 435879773
57.885 435879683
57.846 435879593
57.799 435879504
57.742 435879414
57.677 435879325
57.604 435879235
57.523 435879146
57.433 435879057
57.335 435878969
57.229 435878880
57.116 435878792
56.995 435878705
56.866 435878617
56.730 435878530
56.587 435878443
56.437 435878357
56.280 435878271
56.116 435878185
55.946 435878100
55.770 435878015
55.588 435877931
55.400 435877848
55.206 435877764
55.007 435877682
54.803 435877599
54.594 435877518
54.380 435877437
54.161 435877356
53.938 435877276
53.711 435877197
53.480 435877118
53.245 435877040
53.006 435876962
52.764 435876885
52.518 435876809
52.270 435876734
52.018 435876659
51.764 435876584
51.507 435876511
51.248 435876438
50.987 435876366
50.723 435876294
50.458 435876223
50.191 435876153
49.922 435876084
49.652 435876015
49.380 435875947
49.108 435875880
48.834 435875813
48.559 435875747
48.283 435875682
48.007 435875618
47.730 435875554
47.452 435875491
47.174 435875428
46.896 435875367
46.618 435875306
46.339 435875246
46.061 435875186
45.782 435875128
45.504 435875069
45.226 435875012
44.948 435874955
44.670 435874899
44.393 435874844
44.117 435874790
43.841 435874736
43.565 435874682
43.291 435874630
43.017 435874578
42.744 435874527
42.471 435874476
42.200 435874426
41.929 435874377
41.660 435874328
41.391 435874280
41.123 435874233
40.857 435874186
40.591 435874140
40.327 435874095
40.064 435874050
39.802 435874005
39.541 435873962
39.282 435873919
39.024 435873876
38.767 435873834
38.511 435873793
38.257 435873752
38.004 435873712
37.752 435873672
37.502 435873633
37.253 435873594
37.005 435873556
36.759 435873518
36.514 435873481
36.271 435873445
36.029 435873409
35.788 435873373
35.549 435873338
35.312 435873304
35.076 435873269
34.841 435873236
34.607 435873203
34.375 435873170
34.145 435873138
33.916 435873106
33.688 435873075
33.462 435873044
33.237 435873013
33.014 435872983
32.792 435872954
32.572 435872925
32.353 435872896
32.135 435872867
31.919 435872839
31.704 435872812
31.491 435872785
31.279 435872758
31.069 435872731
30.859 435872705
30.652 435872679
30.445 435872654
30.240 435872629
30.036 435872604
29.834 435872580
29.633 435872556
29.433 435872532
29.235 435872509
29.038 435872486
28.842 435872463
28.648 435872440
28.455 435872419
28.263 435872397
28.073 435872375
27.883 435872354
27.695 435872333
27.509 435872313
27.323 435872292
27.139 435872272
26.956 435872252
26.774 435872233
26.593 435872214
26.414 435872195
26.236 435872176
26.058 435872157
25.883 435872139
25.708 435872121
25.534 435872103
25.362 435872086
25.190 435872069
25.020 435872052
24.851 435872035
24.683 435872018
24.516 435872002
24.350 435871986
24.185 435871970
24.022 435871954
23.859 435871939
23.697 435871923
23.537 435871908
23.377 435871893
23.219 435871879
23.061 435871864
22.905 435871850
22.749 435871836
22.595 435871822
22.441 435871808
22.288 435871794
22.137 435871781
21.986 435871768
21.836 435871754
21.687 435871742
21.539 435871729
21.392 435871716
21.246 435871704
21.101 435871692
20.957 435871680
20.813 435871668
20.670 435871656
20.529 435871644
20.388 435871633
20.248 435871621
20.109 435871610
19.970 435871599
19.833 435871588
19.696 435871577
19.560 435871567
19.425 435871556
19.290 435871546
19.157 435871535
19.024 435871526
18.892 435871516
18.761 435871506
18.630 435871496
18.500 435871486
18.371 435871477
18.243 435871468
18.115 435871458
17.989 435871449
17.863 435871440
17.737 435871431
17.612 435871422
17.488 435871414
17.365 435871405
17.242 435871396
17.120 435871388
16.999 435871380
16.878 435871372
16.758 435871364
16.639 435871356
16.520 435871348
16.402 435871340
16.285 435871332
16.168 435871325
16.052 435871317
15.936 435871310
15.821 435871302
15.706 435871295
15.593 435871288
15.479 435871281
15.367 435871274
15.255 435871267
15.143 435871260
15.032 435871253
14.922 435871247
14.812 435871240
14.703 435871233
14.594 435871227
14.486 435871221
14.379 435871215
14.271 435871209
14.165 435871202
14.059 435871196
13.953 435871190
13.848 435871184
13.744 435871179
13.640 435871173
13.536 435871167
13.433 435871162
13.331 435871156
13.229 435871151
13.127 435871145
13.026 435871140
12.926 435871134
12.826 435871129
12.726 435871124
12.627 435871119
12.528 435871114
12.430 435871109
12.332 435871104
12.234 435871099
12.138 435871094
12.041 435871089
11.945 435871085
11.849 435871080
11.754 435871075
11.659 435871071
11.565 435871066
11.471 435871062
11.377 435871058
11.284 435871053
11.191 435871049
11.099 435871045
11.007 435871040
10.915 435871036
10.824 435871032
10.733 435871028
10.643 435871024
10.553 435871020
10.463 435871016
10.374 435871013
10.285 435871008
10.197 435871005
10.108 435871001
10.021 435870998
9.933 435870994
9.846 435870990
9.759 435870987
9.673 435870983
9.587 435870980
9.501 435870976
9.416 435870973
9.330 435870970
9.246 435870966
9.161 435870963
9.077 435870960
8.994 435870956
8.910 435870953
8.827 435870950
8.744 435870947
8.662 435870944
8.580 435870941
8.498 435870938
8.416 435870935
8.335 435870932
8.254 435870930
8.173 435870927
8.093 435870924
8.013 435870921
7.933 435870918
7.854 435870915
7.774 435870913
7.696 435870910
7.617 435870908
7.539 435870905
7.461 435870903
7.383 435870900
7.305 435870898
7.228 435870895
7.151 435870893
7.074 435870890
6.998 435870888
6.922 435870886
6.846 435870884
6.770 435870881
6.695 435870879
6.620 435870877
6.545 435870875
6.470 435870872
6.396 435870870
6.321 435870868
6.248 435870866
6.174 435870864
6.100 435870862
6.027 435870860
5.954 435870858
5.882 435870856
5.809 435870854
5.737 435870852
5.665 435870850
5.593 435870848
5.522 435870847
5.450 435870845
5.379 435870843
5.308 435870841
5.238 435870840
5.167 435870838
5.097 435870836
5.027 435870834
4.957 435870833
4.887 435870831
4.818 435870830
4.749 435870828
4.680 435870827
4.611 435870825
4.543 435870823
4.474 435870822
4.406 435870821
4.338 435870819
4.270 435870818
4.203 435870816
4.135 435870815
4.068 435870813
4.001 435870812
3.934 435870811
3.868 435870810
3.801 435870808
3.735 435870807
3.669 435870806
3.603 435870804
3.538 435870803
3.472 435870802
3.407 435870801
3.342 435870800
3.277 435870799
3.212 435870797
3.147 435870796
3.083 435870795
3.019 435870794
2.955 435870793
2.891 435870792
2.827 435870791
2.763 435870790
2.700 435870789
2.637 435870788
2.573 435870787
2.511 435870786
2.448 435870785
2.385 435870784
2.323 435870783
2.260 435870783
2.198 435870782
2.136 435870780
2.075 435870780
2.013 435870779
1.951 435870778
1.890 435870778
1.829 435870777
1.768 435870776
1.707 435870775
1.646 435870775
1.585 435870774
1.525 435870773
1.465 435870773
1.404 435870772
1.344 435870771
1.285 435870771
1.225 435870770
1.165 435870769
1.106 435870769
1.046 435870768
0.987 435870768
0.928 435870767
0.869 435870766
0.810 435870766
0.752 435870765
0.693 435870765
0.635 435870764
0.577 435870764
0.518 435870763
0.460 435870763
0.403 435870763
0.345 435870762
0.287 435870762
0.230 435870761
0.172 435870761
0.115 435870760
0.058 435870760
0.001 435870760
